Time Series artificial accelerogram: 1
 
Time Step: 0.01000 s
 
     Time(sec)	        Acc(g)	                              
       0.00000	       0.00000	                              
       0.01000	      -0.19821	                              
       0.02000	      -0.15695	                              
       0.03000	      -0.07623	                              
       0.04000	      -0.05385	                              
       0.05000	      -0.05617	                              
       0.06000	      -0.06638	                              
       0.07000	      -0.06549	                              
       0.08000	      -0.06455	                              
       0.09000	      -0.06207	                              
       0.10000	      -0.06434	                              
       0.11000	      -0.06681	                              
       0.12000	      -0.07146	                              
       0.13000	      -0.07186	                              
       0.14000	      -0.06910	                              
       0.15000	      -0.06232	                              
       0.16000	      -0.05697	                              
       0.17000	      -0.05325	                              
       0.18000	      -0.05282	                              
       0.19000	      -0.05314	                              
       0.20000	      -0.05457	                              
       0.21000	      -0.05571	                              
       0.22000	      -0.05759	                              
       0.23000	      -0.05894	                              
       0.24000	      -0.05859	                              
       0.25000	      -0.05317	                              
       0.26000	      -0.04170	                              
       0.27000	      -0.02585	                              
       0.28000	      -0.01092	                              
       0.29000	      -0.00167	                              
       0.30000	      -0.00025	                              
       0.31000	      -0.00497	                              
       0.32000	      -0.01238	                              
       0.33000	      -0.01928	                              
       0.34000	      -0.02392	                              
       0.35000	      -0.02583	                              
       0.36000	      -0.02456	                              
       0.37000	      -0.01984	                              
       0.38000	      -0.01169	                              
       0.39000	      -0.00182	                              
       0.40000	       0.00750	                              
       0.41000	       0.01361	                              
       0.42000	       0.01505	                              
       0.43000	       0.01052	                              
       0.44000	      -0.00059	                              
       0.45000	      -0.01919	                              
       0.46000	      -0.04533	                              
       0.47000	      -0.07776	                              
       0.48000	      -0.11113	                              
       0.49000	      -0.13614	                              
       0.50000	      -0.14426	                              
       0.51000	      -0.13521	                              
       0.52000	      -0.11602	                              
       0.53000	      -0.09345	                              
       0.54000	      -0.07196	                              
       0.55000	      -0.05824	                              
       0.56000	      -0.06253	                              
       0.57000	      -0.07531	                              
       0.58000	      -0.07659	                              
       0.59000	      -0.05345	                              
       0.60000	      -0.00226	                              
       0.61000	       0.04884	                              
       0.62000	       0.01685	                              
       0.63000	      -0.02735	                              
       0.64000	      -0.05447	                              
       0.65000	      -0.06059	                              
       0.66000	      -0.03420	                              
       0.67000	       0.01438	                              
       0.68000	       0.07221	                              
       0.69000	       0.12114	                              
       0.70000	       0.14883	                              
       0.71000	       0.15830	                              
       0.72000	       0.15498	                              
       0.73000	       0.14259	                              
       0.74000	       0.12070	                              
       0.75000	       0.08940	                              
       0.76000	       0.05035	                              
       0.77000	       0.00946	                              
       0.78000	      -0.02619	                              
       0.79000	      -0.05155	                              
       0.80000	      -0.06744	                              
       0.81000	      -0.07802	                              
       0.82000	      -0.08705	                              
       0.83000	      -0.09547	                              
       0.84000	      -0.10395	                              
       0.85000	      -0.11490	                              
       0.86000	      -0.13195	                              
       0.87000	      -0.15658	                              
       0.88000	      -0.18584	                              
       0.89000	      -0.21244	                              
       0.90000	      -0.22760	                              
       0.91000	      -0.22461	                              
       0.92000	      -0.20205	                              
       0.93000	      -0.16458	                              
       0.94000	      -0.12107	                              
       0.95000	      -0.08051	                              
       0.96000	      -0.04895	                              
       0.97000	      -0.02897	                              
       0.98000	      -0.02162	                              
       0.99000	      -0.02693	                              
       1.00000	      -0.04277	                              
       1.01000	      -0.06307	                              
       1.02000	      -0.07996	                              
       1.03000	      -0.08770	                              
       1.04000	      -0.08687	                              
       1.05000	      -0.08234	                              
       1.06000	      -0.07948	                              
       1.07000	      -0.07900	                              
       1.08000	      -0.07847	                              
       1.09000	      -0.07334	                              
       1.10000	      -0.06114	                              
       1.11000	      -0.04024	                              
       1.12000	      -0.01285	                              
       1.13000	       0.01815	                              
       1.14000	       0.04748	                              
       1.15000	       0.07637	                              
       1.16000	       0.11309	                              
       1.17000	       0.17926	                              
       1.18000	       0.25799	                              
       1.19000	       0.30095	                              
       1.20000	       0.33443	                              
       1.21000	       0.30442	                              
       1.22000	       0.28607	                              
       1.23000	       0.27738	                              
       1.24000	       0.27987	                              
       1.25000	       0.29513	                              
       1.26000	       0.30530	                              
       1.27000	       0.31055	                              
       1.28000	       0.30969	                              
       1.29000	       0.29953	                              
       1.30000	       0.28236	                              
       1.31000	       0.26354	                              
       1.32000	       0.24446	                              
       1.33000	       0.22253	                              
       1.34000	       0.19119	                              
       1.35000	       0.14738	                              
       1.36000	       0.09446	                              
       1.37000	       0.04077	                              
       1.38000	      -0.00826	                              
       1.39000	      -0.05334	                              
       1.40000	      -0.09876	                              
       1.41000	      -0.14520	                              
       1.42000	      -0.18800	                              
       1.43000	      -0.22049	                              
       1.44000	      -0.23828	                              
       1.45000	      -0.23953	                              
       1.46000	      -0.22452	                              
       1.47000	      -0.19661	                              
       1.48000	      -0.16357	                              
       1.49000	      -0.13503	                              
       1.50000	      -0.11612	                              
       1.51000	      -0.10274	                              
       1.52000	      -0.08416	                              
       1.53000	      -0.05202	                              
       1.54000	      -0.00866	                              
       1.55000	       0.03265	                              
       1.56000	       0.05592	                              
       1.57000	       0.05330	                              
       1.58000	       0.03082	                              
       1.59000	       0.00509	                              
       1.60000	      -0.00763	                              
       1.61000	      -0.00264	                              
       1.62000	       0.00953	                              
       1.63000	       0.01226	                              
       1.64000	      -0.00153	                              
       1.65000	      -0.01944	                              
       1.66000	      -0.01905	                              
       1.67000	       0.01021	                              
       1.68000	       0.05282	                              
       1.69000	       0.07775	                              
       1.70000	       0.06313	                              
       1.71000	       0.02004	                              
       1.72000	      -0.01375	                              
       1.73000	      -0.00423	                              
       1.74000	       0.05686	                              
       1.75000	       0.13094	                              
       1.76000	       0.15400	                              
       1.77000	       0.13479	                              
       1.78000	       0.12471	                              
       1.79000	       0.14522	                              
       1.80000	       0.16903	                              
       1.81000	       0.18162	                              
       1.82000	       0.16270	                              
       1.83000	       0.13851	                              
       1.84000	       0.11429	                              
       1.85000	       0.07631	                              
       1.86000	       0.02619	                              
       1.87000	      -0.00262	                              
       1.88000	       0.01608	                              
       1.89000	       0.07115	                              
       1.90000	       0.13498	                              
       1.91000	       0.18510	                              
       1.92000	       0.21288	                              
       1.93000	       0.22217	                              
       1.94000	       0.22178	                              
       1.95000	       0.21790	                              
       1.96000	       0.21188	                              
       1.97000	       0.20288	                              
       1.98000	       0.19239	                              
       1.99000	       0.18479	                              
       2.00000	       0.18383	                              
       2.01000	       0.18814	                              
       2.02000	       0.19103	                              
       2.03000	       0.18414	                              
       2.04000	       0.16292	                              
       2.05000	       0.12917	                              
       2.06000	       0.08991	                              
       2.07000	       0.05272	                              
       2.08000	       0.01991	                              
       2.09000	      -0.01514	                              
       2.10000	      -0.06398	                              
       2.11000	      -0.12959	                              
       2.12000	      -0.19428	                              
       2.13000	      -0.22651	                              
       2.14000	      -0.20682	                              
       2.15000	      -0.14603	                              
       2.16000	      -0.07521	                              
       2.17000	      -0.01952	                              
       2.18000	       0.01422	                              
       2.19000	       0.03169	                              
       2.20000	       0.04017	                              
       2.21000	       0.04527	                              
       2.22000	       0.05012	                              
       2.23000	       0.05603	                              
       2.24000	       0.06146	                              
       2.25000	       0.06403	                              
       2.26000	       0.06087	                              
       2.27000	       0.05049	                              
       2.28000	       0.03243	                              
       2.29000	       0.01240	                              
       2.30000	       0.00396	                              
       2.31000	       0.02292	                              
       2.32000	       0.06476	                              
       2.33000	       0.10658	                              
       2.34000	       0.13368	                              
       2.35000	       0.14949	                              
       2.36000	       0.16474	                              
       2.37000	       0.16594	                              
       2.38000	       0.15622	                              
       2.39000	       0.08618	                              
       2.40000	       0.01185	                              
       2.41000	      -0.03507	                              
       2.42000	      -0.06830	                              
       2.43000	      -0.09427	                              
       2.44000	      -0.11451	                              
       2.45000	      -0.11786	                              
       2.46000	      -0.09588	                              
       2.47000	      -0.04373	                              
       2.48000	       0.03028	                              
       2.49000	       0.10900	                              
       2.50000	       0.17382	                              
       2.51000	       0.21415	                              
       2.52000	       0.23090	                              
       2.53000	       0.23132	                              
       2.54000	       0.22330	                              
       2.55000	       0.21279	                              
       2.56000	       0.20218	                              
       2.57000	       0.18954	                              
       2.58000	       0.17205	                              
       2.59000	       0.15079	                              
       2.60000	       0.13111	                              
       2.61000	       0.11704	                              
       2.62000	       0.10687	                              
       2.63000	       0.09555	                              
       2.64000	       0.08188	                              
       2.65000	       0.07214	                              
       2.66000	       0.07605	                              
       2.67000	       0.09820	                              
       2.68000	       0.13346	                              
       2.69000	       0.17076	                              
       2.70000	       0.20156	                              
       2.71000	       0.22459	                              
       2.72000	       0.24253	                              
       2.73000	       0.25511	                              
       2.74000	       0.25639	                              
       2.75000	       0.24004	                              
       2.76000	       0.20659	                              
       2.77000	       0.16538	                              
       2.78000	       0.12863	                              
       2.79000	       0.10409	                              
       2.80000	       0.09152	                              
       2.81000	       0.08511	                              
       2.82000	       0.07642	                              
       2.83000	       0.05721	                              
       2.84000	       0.02221	                              
       2.85000	      -0.02584	                              
       2.86000	      -0.07649	                              
       2.87000	      -0.11718	                              
       2.88000	      -0.13953	                              
       2.89000	      -0.13736	                              
       2.90000	      -0.10461	                              
       2.91000	      -0.03746	                              
       2.92000	       0.06031	                              
       2.93000	       0.17057	                              
       2.94000	       0.25305	                              
       2.95000	       0.28496	                              
       2.96000	       0.22379	                              
       2.97000	       0.10459	                              
       2.98000	       0.05096	                              
       2.99000	       0.02949	                              
       3.00000	       0.03557	                              
       3.01000	       0.05874	                              
       3.02000	       0.10691	                              
       3.03000	       0.15598	                              
       3.04000	       0.17758	                              
       3.05000	       0.16694	                              
       3.06000	       0.13639	                              
       3.07000	       0.10768	                              
       3.08000	       0.09192	                              
       3.09000	       0.08111	                              
       3.10000	       0.05993	                              
       3.11000	       0.02120	                              
       3.12000	      -0.02859	                              
       3.13000	      -0.07296	                              
       3.14000	      -0.09532	                              
       3.15000	      -0.08940	                              
       3.16000	      -0.06392	                              
       3.17000	      -0.03801	                              
       3.18000	      -0.03042	                              
       3.19000	      -0.05047	                              
       3.20000	      -0.09557	                              
       3.21000	      -0.15435	                              
       3.22000	      -0.21191	                              
       3.23000	      -0.25500	                              
       3.24000	      -0.27609	                              
       3.25000	      -0.27513	                              
       3.26000	      -0.25874	                              
       3.27000	      -0.23768	                              
       3.28000	      -0.22332	                              
       3.29000	      -0.22358	                              
       3.30000	      -0.23940	                              
       3.31000	      -0.26430	                              
       3.32000	      -0.28851	                              
       3.33000	      -0.30545	                              
       3.34000	      -0.31470	                              
       3.35000	      -0.31824	                              
       3.36000	      -0.31364	                              
       3.37000	      -0.29295	                              
       3.38000	      -0.25006	                              
       3.39000	      -0.18912	                              
       3.40000	      -0.12391	                              
       3.41000	      -0.06879	                              
       3.42000	      -0.02958	                              
       3.43000	      -0.00359	                              
       3.44000	       0.01318	                              
       3.45000	       0.01891	                              
       3.46000	       0.00793	                              
       3.47000	      -0.02122	                              
       3.48000	      -0.05639	                              
       3.49000	      -0.07465	                              
       3.50000	      -0.05894	                              
       3.51000	      -0.01528	                              
       3.52000	       0.02513	                              
       3.53000	       0.01223	                              
       3.54000	      -0.05837	                              
       3.55000	      -0.13974	                              
       3.56000	      -0.20915	                              
       3.57000	      -0.26409	                              
       3.58000	      -0.30708	                              
       3.59000	      -0.30192	                              
       3.60000	      -0.25517	                              
       3.61000	      -0.18076	                              
       3.62000	      -0.11602	                              
       3.63000	      -0.09373	                              
       3.64000	      -0.10846	                              
       3.65000	      -0.13576	                              
       3.66000	      -0.15006	                              
       3.67000	      -0.13950	                              
       3.68000	      -0.10850	                              
       3.69000	      -0.06822	                              
       3.70000	      -0.02703	                              
       3.71000	       0.00798	                              
       3.72000	       0.02747	                              
       3.73000	       0.02046	                              
       3.74000	      -0.01731	                              
       3.75000	      -0.07654	                              
       3.76000	      -0.13649	                              
       3.77000	      -0.17679	                              
       3.78000	      -0.18785	                              
       3.79000	      -0.17319	                              
       3.80000	      -0.14443	                              
       3.81000	      -0.11501	                              
       3.82000	      -0.09477	                              
       3.83000	      -0.08715	                              
       3.84000	      -0.08934	                              
       3.85000	      -0.09584	                              
       3.86000	      -0.10237	                              
       3.87000	      -0.10723	                              
       3.88000	      -0.10983	                              
       3.89000	      -0.10880	                              
       3.90000	      -0.10244	                              
       3.91000	      -0.09081	                              
       3.92000	      -0.07716	                              
       3.93000	      -0.06686	                              
       3.94000	      -0.06491	                              
       3.95000	      -0.07423	                              
       3.96000	      -0.09478	                              
       3.97000	      -0.12281	                              
       3.98000	      -0.15020	                              
       3.99000	      -0.16583	                              
       4.00000	      -0.16007	                              
       4.01000	      -0.13124	                              
       4.02000	      -0.08875	                              
       4.03000	      -0.04962	                              
       4.04000	      -0.02829	                              
       4.05000	      -0.02732	                              
       4.06000	      -0.03667	                              
       4.07000	      -0.04552	                              
       4.08000	      -0.05060	                              
       4.09000	      -0.05325	                              
       4.10000	      -0.05394	                              
       4.11000	      -0.05871	                              
       4.12000	      -0.08131	                              
       4.13000	      -0.12377	                              
       4.14000	      -0.15216	                              
       4.15000	      -0.15358	                              
       4.16000	      -0.12615	                              
       4.17000	      -0.08825	                              
       4.18000	      -0.06119	                              
       4.19000	      -0.04836	                              
       4.20000	      -0.06318	                              
       4.21000	      -0.09893	                              
       4.22000	      -0.14202	                              
       4.23000	      -0.17705	                              
       4.24000	      -0.19489	                              
       4.25000	      -0.20155	                              
       4.26000	      -0.20945	                              
       4.27000	      -0.22675	                              
       4.28000	      -0.25149	                              
       4.29000	      -0.27352	                              
       4.30000	      -0.28207	                              
       4.31000	      -0.27259	                              
       4.32000	      -0.24793	                              
       4.33000	      -0.21642	                              
       4.34000	      -0.18818	                              
       4.35000	      -0.16981	                              
       4.36000	      -0.16004	                              
       4.37000	      -0.15116	                              
       4.38000	      -0.13648	                              
       4.39000	      -0.11698	                              
       4.40000	      -0.10040	                              
       4.41000	      -0.09353	                              
       4.42000	      -0.09503	                              
       4.43000	      -0.09543	                              
       4.44000	      -0.08425	                              
       4.45000	      -0.05775	                              
       4.46000	      -0.02111	                              
       4.47000	       0.01569	                              
       4.48000	       0.04427	                              
       4.49000	       0.06200	                              
       4.50000	       0.07191	                              
       4.51000	       0.07936	                              
       4.52000	       0.08799	                              
       4.53000	       0.09734	                              
       4.54000	       0.10354	                              
       4.55000	       0.10228	                              
       4.56000	       0.09238	                              
       4.57000	       0.07662	                              
       4.58000	       0.05955	                              
       4.59000	       0.04331	                              
       4.60000	       0.02622	                              
       4.61000	       0.00556	                              
       4.62000	      -0.01701	                              
       4.63000	      -0.03572	                              
       4.64000	      -0.04754	                              
       4.65000	      -0.05671	                              
       4.66000	      -0.06647	                              
       4.67000	      -0.07097	                              
       4.68000	      -0.06132	                              
       4.69000	      -0.03652	                              
       4.70000	      -0.00140	                              
       4.71000	       0.03587	                              
       4.72000	       0.06852	                              
       4.73000	       0.08601	                              
       4.74000	       0.08634	                              
       4.75000	       0.08892	                              
       4.76000	       0.10260	                              
       4.77000	       0.12380	                              
       4.78000	       0.13910	                              
       4.79000	       0.13332	                              
       4.80000	       0.11274	                              
       4.81000	       0.08994	                              
       4.82000	       0.06966	                              
       4.83000	       0.05194	                              
       4.84000	       0.03773	                              
       4.85000	       0.03041	                              
       4.86000	       0.03332	                              
       4.87000	       0.04676	                              
       4.88000	       0.06655	                              
       4.89000	       0.08625	                              
       4.90000	       0.10047	                              
       4.91000	       0.10712	                              
       4.92000	       0.10772	                              
       4.93000	       0.10670	                              
       4.94000	       0.10962	                              
       4.95000	       0.12068	                              
       4.96000	       0.13965	                              
       4.97000	       0.16042	                              
       4.98000	       0.17286	                              
       4.99000	       0.16840	                              
       5.00000	       0.14529	                              
       5.01000	       0.11020	                              
       5.02000	       0.07470	                              
       5.03000	       0.04935	                              
       5.04000	       0.03908	                              
       5.05000	       0.04205	                              
       5.06000	       0.05151	                              
       5.07000	       0.05892	                              
       5.08000	       0.05734	                              
       5.09000	       0.04411	                              
       5.10000	       0.02213	                              
       5.11000	      -0.00156	                              
       5.12000	      -0.01942	                              
       5.13000	      -0.02749	                              
       5.14000	      -0.02726	                              
       5.15000	      -0.02443	                              
       5.16000	      -0.02517	                              
       5.17000	      -0.03263	                              
       5.18000	      -0.04522	                              
       5.19000	      -0.05806	                              
       5.20000	      -0.06640	                              
       5.21000	      -0.06951	                              
       5.22000	      -0.07141	                              
       5.23000	      -0.07705	                              
       5.24000	      -0.08602	                              
       5.25000	      -0.08922	                              
       5.26000	      -0.07273	                              
       5.27000	      -0.03114	                              
       5.28000	       0.02129	                              
       5.29000	       0.06271	                              
       5.30000	       0.07640	                              
       5.31000	       0.05985	                              
       5.32000	       0.03732	                              
       5.33000	       0.01867	                              
       5.34000	       0.00147	                              
       5.35000	      -0.01279	                              
       5.36000	      -0.00553	                              
       5.37000	       0.01824	                              
       5.38000	       0.03912	                              
       5.39000	       0.05105	                              
       5.40000	       0.05649	                              
       5.41000	       0.06272	                              
       5.42000	       0.07352	                              
       5.43000	       0.08433	                              
       5.44000	       0.08752	                              
       5.45000	       0.08205	                              
       5.46000	       0.07380	                              
       5.47000	       0.07109	                              
       5.48000	       0.07770	                              
       5.49000	       0.09033	                              
       5.50000	       0.10083	                              
       5.51000	       0.10242	                              
       5.52000	       0.09361	                              
       5.53000	       0.07859	                              
       5.54000	       0.06339	                              
       5.55000	       0.05228	                              
       5.56000	       0.04625	                              
       5.57000	       0.04436	                              
       5.58000	       0.04518	                              
       5.59000	       0.04716	                              
       5.60000	       0.04759	                              
       5.61000	       0.04269	                              
       5.62000	       0.02934	                              
       5.63000	       0.00766	                              
       5.64000	      -0.01813	                              
       5.65000	      -0.04113	                              
       5.66000	      -0.05506	                              
       5.67000	      -0.05769	                              
       5.68000	      -0.05270	                              
       5.69000	      -0.04863	                              
       5.70000	      -0.05451	                              
       5.71000	      -0.07448	                              
       5.72000	      -0.10472	                              
       5.73000	      -0.13541	                              
       5.74000	      -0.15639	                              
       5.75000	      -0.16265	                              
       5.76000	      -0.15549	                              
       5.77000	      -0.13959	                              
       5.78000	      -0.11935	                              
       5.79000	      -0.09743	                              
       5.80000	      -0.07577	                              
       5.81000	      -0.05680	                              
       5.82000	      -0.04314	                              
       5.83000	      -0.03609	                              
       5.84000	      -0.03495	                              
       5.85000	      -0.03665	                              
       5.86000	      -0.03672	                              
       5.87000	      -0.02983	                              
       5.88000	      -0.01428	                              
       5.89000	       0.00377	                              
       5.90000	       0.01607	                              
       5.91000	       0.01584	                              
       5.92000	       0.00058	                              
       5.93000	      -0.01215	                              
       5.94000	      -0.01058	                              
       5.95000	       0.00169	                              
       5.96000	       0.01712	                              
       5.97000	       0.02471	                              
       5.98000	       0.02220	                              
       5.99000	       0.01405	                              
       6.00000	       0.00422	                              
       6.01000	      -0.00321	                              
       6.02000	      -0.00542	                              
       6.03000	       0.00098	                              
       6.04000	       0.01800	                              
       6.05000	       0.04392	                              
       6.06000	       0.07168	                              
       6.07000	       0.09322	                              
       6.08000	       0.10415	                              
       6.09000	       0.10594	                              
       6.10000	       0.10380	                              
       6.11000	       0.10406	                              
       6.12000	       0.11108	                              
       6.13000	       0.12557	                              
       6.14000	       0.14423	                              
       6.15000	       0.16167	                              
       6.16000	       0.17297	                              
       6.17000	       0.17561	                              
       6.18000	       0.16938	                              
       6.19000	       0.15528	                              
       6.20000	       0.13474	                              
       6.21000	       0.10991	                              
       6.22000	       0.08418	                              
       6.23000	       0.06168	                              
       6.24000	       0.04570	                              
       6.25000	       0.03713	                              
       6.26000	       0.03382	                              
       6.27000	       0.03140	                              
       6.28000	       0.02537	                              
       6.29000	       0.01380	                              
       6.30000	      -0.00128	                              
       6.31000	      -0.01470	                              
       6.32000	      -0.02119	                              
       6.33000	      -0.01844	                              
       6.34000	      -0.00870	                              
       6.35000	       0.00236	                              
       6.36000	       0.00833	                              
       6.37000	       0.00566	                              
       6.38000	      -0.00434	                              
       6.39000	      -0.01544	                              
       6.40000	      -0.01984	                              
       6.41000	      -0.01243	                              
       6.42000	       0.00554	                              
       6.43000	       0.02837	                              
       6.44000	       0.04904	                              
       6.45000	       0.06371	                              
       6.46000	       0.07242	                              
       6.47000	       0.07722	                              
       6.48000	       0.07975	                              
       6.49000	       0.08285	                              
       6.50000	       0.09048	                              
       6.51000	       0.10712	                              
       6.52000	       0.12112	                              
       6.53000	       0.11696	                              
       6.54000	       0.10365	                              
       6.55000	       0.08740	                              
       6.56000	       0.08015	                              
       6.57000	       0.08125	                              
       6.58000	       0.08079	                              
       6.59000	       0.07600	                              
       6.60000	       0.06911	                              
       6.61000	       0.06316	                              
       6.62000	       0.05866	                              
       6.63000	       0.05473	                              
       6.64000	       0.05053	                              
       6.65000	       0.04725	                              
       6.66000	       0.04715	                              
       6.67000	       0.05195	                              
       6.68000	       0.06114	                              
       6.69000	       0.07221	                              
       6.70000	       0.08150	                              
       6.71000	       0.08601	                              
       6.72000	       0.08437	                              
       6.73000	       0.07724	                              
       6.74000	       0.06646	                              
       6.75000	       0.05399	                              
       6.76000	       0.04128	                              
       6.77000	       0.02958	                              
       6.78000	       0.02038	                              
       6.79000	       0.01507	                              
       6.80000	       0.01372	                              
       6.81000	       0.01421	                              
       6.82000	       0.01305	                              
       6.83000	       0.00765	                              
       6.84000	      -0.00178	                              
       6.85000	      -0.01212	                              
       6.86000	      -0.01923	                              
       6.87000	      -0.02031	                              
       6.88000	      -0.01513	                              
       6.89000	      -0.00540	                              
       6.90000	       0.00641	                              
       6.91000	       0.01785	                              
       6.92000	       0.02612	                              
       6.93000	       0.02845	                              
       6.94000	       0.02310	                              
       6.95000	       0.01104	                              
       6.96000	      -0.00450	                              
       6.97000	      -0.01941	                              
       6.98000	      -0.03064	                              
       6.99000	      -0.03651	                              
       7.00000	      -0.03742	                              
       7.01000	      -0.03554	                              
       7.02000	      -0.03466	                              
       7.03000	      -0.03814	                              
       7.04000	      -0.04764	                              
       7.05000	      -0.06062	                              
       7.06000	      -0.07237	                              
       7.07000	      -0.07624	                              
       7.08000	      -0.06538	                              
       7.09000	      -0.04021	                              
       7.10000	       0.00184	                              
       7.11000	       0.04394	                              
       7.12000	       0.06599	                              
       7.13000	       0.07841	                              
       7.14000	       0.07822	                              
       7.15000	       0.07387	                              
       7.16000	       0.06983	                              
       7.17000	       0.07377	                              
       7.18000	       0.08778	                              
       7.19000	       0.10705	                              
       7.20000	       0.12469	                              
       7.21000	       0.13499	                              
       7.22000	       0.13679	                              
       7.23000	       0.13326	                              
       7.24000	       0.12918	                              
       7.25000	       0.12751	                              
       7.26000	       0.12808	                              
       7.27000	       0.12831	                              
       7.28000	       0.12620	                              
       7.29000	       0.12216	                              
       7.30000	       0.11919	                              
       7.31000	       0.12032	                              
       7.32000	       0.12636	                              
       7.33000	       0.13504	                              
       7.34000	       0.14267	                              
       7.35000	       0.14630	                              
       7.36000	       0.14541	                              
       7.37000	       0.14147	                              
       7.38000	       0.13676	                              
       7.39000	       0.13271	                              
       7.40000	       0.12929	                              
       7.41000	       0.12541	                              
       7.42000	       0.12009	                              
       7.43000	       0.11352	                              
       7.44000	       0.10695	                              
       7.45000	       0.10169	                              
       7.46000	       0.09782	                              
       7.47000	       0.09441	                              
       7.48000	       0.09031	                              
       7.49000	       0.08508	                              
       7.50000	       0.07850	                              
       7.51000	       0.07017	                              
       7.52000	       0.05931	                              
       7.53000	       0.04600	                              
       7.54000	       0.03168	                              
       7.55000	       0.01887	                              
       7.56000	       0.00881	                              
       7.57000	       0.00023	                              
       7.58000	      -0.01064	                              
       7.59000	      -0.02680	                              
       7.60000	      -0.04797	                              
       7.61000	      -0.07007	                              
       7.62000	      -0.08816	                              
       7.63000	      -0.09872	                              
       7.64000	      -0.10201	                              
       7.65000	      -0.09968	                              
       7.66000	      -0.09453	                              
       7.67000	      -0.08832	                              
       7.68000	      -0.08307	                              
       7.69000	      -0.08107	                              
       7.70000	      -0.08050	                              
       7.71000	      -0.08350	                              
       7.72000	      -0.08703	                              
       7.73000	      -0.09110	                              
       7.74000	      -0.09170	                              
       7.75000	      -0.08614	                              
       7.76000	      -0.07450	                              
       7.77000	      -0.06107	                              
       7.78000	      -0.05290	                              
       7.79000	      -0.05375	                              
       7.80000	      -0.06170	                              
       7.81000	      -0.07241	                              
       7.82000	      -0.08090	                              
       7.83000	      -0.08413	                              
       7.84000	      -0.08109	                              
       7.85000	      -0.07299	                              
       7.86000	      -0.06199	                              
       7.87000	      -0.05086	                              
       7.88000	      -0.04184	                              
       7.89000	      -0.03638	                              
       7.90000	      -0.03435	                              
       7.91000	      -0.03441	                              
       7.92000	      -0.03431	                              
       7.93000	      -0.03222	                              
       7.94000	      -0.02746	                              
       7.95000	      -0.02101	                              
       7.96000	      -0.01467	                              
       7.97000	      -0.01005	                              
       7.98000	      -0.00754	                              
       7.99000	      -0.00635	                              
       8.00000	      -0.00530	                              
       8.01000	      -0.00372	                              
       8.02000	      -0.00180	                              
       8.03000	      -0.00017	                              
       8.04000	       0.00081	                              
       8.05000	       0.00133	                              
       8.06000	       0.00177	                              
       8.07000	       0.00226	                              
       8.08000	       0.00246	                              
       8.09000	       0.00193	                              
       8.10000	       0.00045	                              
       8.11000	      -0.00179	                              
       8.12000	      -0.00457	                              
       8.13000	      -0.00755	                              
       8.14000	      -0.01020	                              
       8.15000	      -0.01159	                              
       8.16000	      -0.01106	                              
       8.17000	      -0.00918	                              
       8.18000	      -0.00797	                              
       8.19000	      -0.00974	                              
       8.20000	      -0.01487	                              
       8.21000	      -0.02088	                              
       8.22000	      -0.02446	                              
       8.23000	      -0.02537	                              
       8.24000	      -0.02446	                              
       8.25000	      -0.02172	                              
       8.26000	      -0.01560	                              
       8.27000	      -0.01029	                              
       8.28000	      -0.01059	                              
       8.29000	      -0.01421	                              
       8.30000	      -0.01906	                              
       8.31000	      -0.02347	                              
       8.32000	      -0.02886	                              
       8.33000	      -0.03643	                              
       8.34000	      -0.04607	                              
       8.35000	      -0.05542	                              
       8.36000	      -0.06233	                              
       8.37000	      -0.06735	                              
       8.38000	      -0.07068	                              
       8.39000	      -0.07367	                              
       8.40000	      -0.07627	                              
       8.41000	      -0.07817	                              
       8.42000	      -0.07767	                              
       8.43000	      -0.07379	                              
       8.44000	      -0.06633	                              
       8.45000	      -0.05726	                              
       8.46000	      -0.04908	                              
       8.47000	      -0.04404	                              
       8.48000	      -0.04244	                              
       8.49000	      -0.04337	                              
       8.50000	      -0.04532	                              
       8.51000	      -0.04740	                              
       8.52000	      -0.04927	                              
       8.53000	      -0.05121	                              
       8.54000	      -0.05355	                              
       8.55000	      -0.05654	                              
       8.56000	      -0.06001	                              
       8.57000	      -0.06361	                              
       8.58000	      -0.06712	                              
       8.59000	      -0.07083	                              
       8.60000	      -0.07532	                              
       8.61000	      -0.08108	                              
       8.62000	      -0.08791	                              
       8.63000	      -0.09487	                              
       8.64000	      -0.10070	                              
       8.65000	      -0.10450	                              
       8.66000	      -0.10607	                              
       8.67000	      -0.10582	                              
       8.68000	      -0.10437	                              
       8.69000	      -0.10235	                              
       8.70000	      -0.10025	                              
       8.71000	      -0.09860	                              
       8.72000	      -0.09764	                              
       8.73000	      -0.09762	                              
       8.74000	      -0.09861	                              
       8.75000	      -0.10093	                              
       8.76000	      -0.10439	                              
       8.77000	      -0.10829	                              
       8.78000	      -0.11056	                              
       8.79000	      -0.10985	                              
       8.80000	      -0.10595	                              
       8.81000	      -0.10086	                              
       8.82000	      -0.09598	                              
       8.83000	      -0.09319	                              
       8.84000	      -0.09224	                              
       8.85000	      -0.09381	                              
       8.86000	      -0.09447	                              
       8.87000	      -0.09124	                              
       8.88000	      -0.08510	                              
       8.89000	      -0.07710	                              
       8.90000	      -0.06807	                              
       8.91000	      -0.06096	                              
       8.92000	      -0.05441	                              
       8.93000	      -0.05068	                              
       8.94000	      -0.04784	                              
       8.95000	      -0.04625	                              
       8.96000	      -0.04510	                              
       8.97000	      -0.04519	                              
       8.98000	      -0.04585	                              
       8.99000	      -0.04623	                              
       9.00000	      -0.04427	                              
       9.01000	      -0.03978	                              
       9.02000	      -0.03350	                              
       9.03000	      -0.02729	                              
       9.04000	      -0.02237	                              
       9.05000	      -0.01973	                              
       9.06000	      -0.01911	                              
       9.07000	      -0.01924	                              
       9.08000	      -0.01792	                              
       9.09000	      -0.01352	                              
       9.10000	      -0.00583	                              
       9.11000	       0.00349	                              
       9.12000	       0.01202	                              
       9.13000	       0.01781	                              
       9.14000	       0.02017	                              
       9.15000	       0.01954	                              
       9.16000	       0.01688	                              
       9.17000	       0.01317	                              
       9.18000	       0.00915	                              
       9.19000	       0.00535	                              
       9.20000	       0.00210	                              
       9.21000	      -0.00064	                              
       9.22000	      -0.00311	                              
       9.23000	      -0.00565	                              
       9.24000	      -0.00815	                              
       9.25000	      -0.01027	                              
       9.26000	      -0.01139	                              
       9.27000	      -0.01138	                              
       9.28000	      -0.01023	                              
       9.29000	      -0.00854	                              
       9.30000	      -0.00671	                              
       9.31000	      -0.00541	                              
       9.32000	      -0.00433	                              
       9.33000	      -0.00312	                              
       9.34000	      -0.00086	                              
       9.35000	       0.00159	                              
       9.36000	       0.00353	                              
       9.37000	       0.00356	                              
       9.38000	       0.00236	                              
       9.39000	      -0.00020	                              
       9.40000	      -0.00269	                              
       9.41000	      -0.00519	                              
       9.42000	      -0.00562	                              
       9.43000	      -0.00435	                              
       9.44000	       0.00063	                              
       9.45000	       0.00618	                              
       9.46000	       0.01175	                              
       9.47000	       0.01488	                              
       9.48000	       0.01588	                              
       9.49000	       0.01695	                              
       9.50000	       0.02257	                              
       9.51000	       0.02677	                              
       9.52000	       0.02984	                              
       9.53000	       0.03347	                              
       9.54000	       0.03928	                              
       9.55000	       0.04396	                              
       9.56000	       0.04618	                              
       9.57000	       0.04612	                              
       9.58000	       0.04520	                              
       9.59000	       0.04387	                              
       9.60000	       0.04213	                              
       9.61000	       0.03981	                              
       9.62000	       0.03723	                              
       9.63000	       0.03530	                              
       9.64000	       0.03452	                              
       9.65000	       0.03484	                              
       9.66000	       0.03511	                              
       9.67000	       0.03449	                              
       9.68000	       0.03246	                              
       9.69000	       0.02967	                              
       9.70000	       0.02661	                              
       9.71000	       0.02386	                              
       9.72000	       0.02132	                              
       9.73000	       0.01897	                              
       9.74000	       0.01643	                              
       9.75000	       0.01352	                              
       9.76000	       0.01005	                              
       9.77000	       0.00623	                              
       9.78000	       0.00243	                              
       9.79000	      -0.00096	                              
       9.80000	      -0.00344	                              
       9.81000	      -0.00506	                              
       9.82000	      -0.00587	                              
       9.83000	      -0.00662	                              
       9.84000	      -0.00709	                              
       9.85000	      -0.00752	                              
       9.86000	      -0.00719	                              
       9.87000	      -0.00672	                              
       9.88000	      -0.00499	                              
       9.89000	      -0.00208	                              
       9.90000	       0.00404	                              
       9.91000	       0.01268	                              
       9.92000	       0.02502	                              
       9.93000	       0.03813	                              
       9.94000	       0.05133	                              
       9.95000	       0.06012	                              
       9.96000	       0.06697	                              
       9.97000	       0.07185	                              
       9.98000	       0.08054	                              
       9.99000	       0.08915	                              
      10.00000	       0.09996	                              
      10.01000	       0.10576	                              
      10.02000	       0.10979	                              
      10.03000	       0.10450	                              
      10.04000	       0.10987	                              
      10.05000	       0.14004	                              
      10.06000	       0.22158	                              
